4.6 0.2 A1 4.1 0.8 B1 4
4.6 0.2 A1 6.2 2.0 G1 7
4.1 0.8 B1 4.6 0.2 A1 4
4.1 0.8 B1 3.7 1.3 C1 3
3.7 1.3 C1 4.1 0.8 B1 3
3.7 1.3 C1 4.9 1.8 E1 4
3.7 1.3 C1 3.2 1.8 F1 3
5.0 1.4 D1 4.1 0.8 B1 4
4.9 1.8 E1 5.0 1.4 D1 1
4.9 1.8 E1 5.9 2.4 H1 4
3.2 1.8 F1 2.9 2.1 J1 2
6.2 2.0 G1 4.6 0.2 A1 7
6.2 2.0 G1 5.0 1.4 D1 4
6.2 2.0 G1 5.9 2.4 H1 2
6.2 2.0 G1 9.3 3.6 R1 10
5.9 2.4 H1 5.2 2.8 L1 3
5.9 2.4 H1 7.1 3.1 N1 4
4.4 2.3 I1 4.9 1.8 E1 3
4.4 2.3 I1 3.2 1.8 F1 3
4.4 2.3 I1 4.2 2.8 K1 1
2.9 2.1 J1 2.9 2.8 A4 2
2.9 2.1 J1 1.8 3.9 E4 7
4.2 2.8 K1 4.4 2.3 I1 1
5.2 2.8 L1 4.4 2.3 I1 3
7.2 2.8 M1 6.2 2.0 G1 4
7.1 3.1 N1 7.2 2.8 M1 2
7.1 3.1 N1 6.9 3.6 O1 3
7.1 3.1 N1 8.3 3.9 Q1 4
6.9 3.6 O1 7.1 3.1 N1 3
8.6 3.3 P1 7.2 2.8 M1 4
8.6 3.3 P1 8.3 3.9 Q1 2
8.3 3.9 Q1 8.2 4.1 S1 1
8.3 3.9 Q1 9.0 4.1 T1 3
9.3 3.6 R1 8.6 3.3 P1 2
9.3 3.6 R1 9.0 4.1 T1 2
8.2 4.1 S1 8.3 3.9 Q1 1
9.0 4.1 T1 9.7 4.6 U1 4
9.7 4.6 U1 10.0 3.8 V1 4
9.7 4.6 U1 11.2 4.9 X1 5
10.0 3.8 V1 9.3 3.6 R1 3
10.0 3.8 V1 11.4 4.2 W1 5
11.4 4.2 W1 10.0 3.8 V1 3
11.4 4.2 W1 11.2 4.9 X1 3
11.4 4.2 W1 12.1 4.5 Y1 4
11.2 4.9 X1 12.0 5.0 Z1 3
11.2 4.9 X1 11.1 5.7 M3 3
12.1 4.5 Y1 11.4 4.2 W1 4
12.1 4.5 Y1 12.0 5.0 Z1 4
12.1 4.5 Y1 14.7 5.0 B2 9
12.0 5.0 Z1 12.1 4.5 Y1 4
12.0 5.0 Z1 12.8 5.2 C3 3
12.0 5.0 Z1 11.9 5.8 L3 4
13.6 4.8 A2 13.5 5.3 A3 2 
13.6 4.8 A2 12.1 4.5 Y1 5
14.7 5.0 B2 13.6 4.8 A2 4
14.7 5.0 B2 15.2 5.2 V2 3
14.7 5.0 B2 17.6 3.4 C2 8
17.6 3.4 C2 14.7 5.0 B2 8
17.6 3.4 C2 18.3 4.6 D2 5
18.3 4.6 D2 17.6 3.4 C2 5
18.3 4.6 D2 18.0 5.4 E2 4
18.0 5.4 E2 18.3 4.6 D2 4
18.0 5.4 E2 17.9 6.2 F2 4
17.9 6.2 F2 18.0 5.4 E2 4
17.9 6.2 F2 17.8 6.9 G2 4
17.8 6.9 G2 17.9 6.2 F2 4
17.8 6.9 G2 17.1 6.9 H2 3
17.8 6.9 G2 18.7 9.1 H7 7
17.1 6.9 H2 15.3 6.9 I2 3
15.3 6.9 I2 14.5 7.0 J2 3
14.5 7.0 J2 13.8 7.1 K2 4
13.8 7.1 K2 14.0 7.0 L2 3
13.8 7.1 K2 14.9 6.2 X2 3
14.0 7.0 L2 14.1 6.1 Z2 4
14.0 7.0 L2 13.2 6.8 F3 4
17.2 6.1 M2 17.9 6.2 F2 2
17.2 6.1 M2 17.1 6.9 H2 2
17.2 5.3 N2 17.2 6.1 M2 3
17.2 5.3 N2 18.0 5.4 E2 3
17.4 5.0 O2 17.2 5.3 N2 1
17.4 5.0 O2 18.3 4.6 D2 3
17.0 5.1 P2 17.4 5.0 O2 1
17.0 5.1 P2 17.2 5.3 N2 1
16.5 5.1 Q2 17.0 5.1 P2 2
16.5 6.0 R2 17.2 6.1 M2 3
16.5 6.0 R2 17.0 5.1 P2 3
16.4 6.6 S2 16.5 6.0 R2 3
15.7 5.8 T2 16.5 6.0 R2 3
15.6 6.5 U2 16.4 6.6 S2 3
15.6 6.5 U2 14.5 7.0 J2 2
15.2 5.2 V2 16.5 5.1 Q2 5
15.0 5.6 W2 15.7 5.8 T2 3
15.0 5.6 W2 15.2 5.2 V2 1
15.0 5.6 W2 14.7 5.0 B2 2
14.9 6.2 X2 15.6 6.5 U2 3
14.9 6.2 X2 15.0 5.6 W2 3
14.2 5.5 Y2 15.0 5.6 W2 2
14.1 6.1 Z2 14.9 6.2 X2 3
14.1 6.1 Z2 14.2 5.5 Y2 2
13.5 5.3 A3 14.2 5.5 Y2 3
13.5 5.3 A3 13.2 6.0 B3 3
13.2 6.0 B3 14.1 6.1 Z2 3
13.2 6.0 B3 13.2 6.8 F3 3
12.8 5.2 C3 12.6 6.0 D3 3
12.8 5.2 C3 13.5 5.3 A3 3
12.6 6.0 D3 12.3 6.7 E3 4
12.6 6.0 D3 13.2 6.0 B3 4
12.3 6.7 E3 11.8 6.6 K3 4
12.3 6.7 E3 12.3 7.5 I3 3
13.2 6.8 F3 12.3 6.7 E3 4
13.2 6.8 F3 13.1 7.6 H3 3
13.9 7.8 G3 14.0 7.0 L2 2
13.9 7.8 G3 15.4 9.9 Z6 8
13.1 7.6 H3 13.9 7.8 G3 2
12.3 7.5 I3 13.1 7.6 H3 3
12.3 7.5 I3 12.2 8.1 D6 2
11.6 7.3 J3 12.3 7.5 I3 3 
11.6 7.3 J3 11.4 8.0 C6 3
11.8 6.6 K3 11.6 7.3 J3 4
11.8 6.6 K3 11.9 5.8 L3 4
11.8 6.6 K3 11.0 6.2 N3 3
11.9 5.8 L3 12.6 6.0 D3 3
11.9 5.8 L3 12.0 5.0 Z1 4
11.9 5.8 L3 11.8 6.6 K3 4
11.1 5.7 M3 11.0 6.2 N3 3
11.1 5.7 M3 11.9 5.8 L3 3
11.0 6.2 N3 9.4 6.0 O3 7
9.4 6.0 O3 8.9 5.9 Q3 3
9.4 6.0 O3 9.6 5.3 P3 3
9.6 5.3 P3 11.1 5.7 M3 6
9.6 5.3 P3 9.7 4.6 U1 3
8.9 5.9 Q3 8.8 6.9 R3 2
8.9 5.9 Q3 7.9 5.8 T3 4
8.8 6.9 R3 8.9 5.9 Q3 2
8.0 5.0 S3 7.9 5.8 T3 3
8.0 5.0 S3 9.6 5.3 P3 5
7.9 5.8 T3 8.0 5.0 S3 3
7.9 5.8 T3 6.8 5.5 W3 4
7.9 5.8 T3 7.7 6.3 P5 3
6.9 4.9 U3 7.0 4.3 V3 1
6.9 4.9 U3 8.0 5.0 S3 3
7.0 4.3 V3 6.9 4.9 U3 1
6.8 5.5 W3 6.9 4.9 U3 2
6.8 5.5 W3 5.8 5.2 X3 3
5.8 5.2 X3 4.8 5.1 L4 4
5.8 5.2 X3 5.6 6.0 N5 2
5.9 4.7 Y3 5.8 5.2 X3 2
5.9 4.7 Y3 6.9 4.9 U3 3
5.9 4.7 Y3 5.7 4.0 Z3 1
5.7 4.0 Z3 5.9 4.7 Y3 1
2.9 2.8 A4 2.4 2.7 B4 1
2.9 2.8 A4 2.7 3.2 C4 3
2.9 2.8 A4 2.9 2.1 J1 2
2.4 2.7 B4 2.9 2.8 A4 1
2.7 3.2 C4 2.9 2.8 A4 3
2.7 3.2 C4 2.1 3.1 D4 1
2.7 3.2 C4 2.6 4.0 F4 4
2.1 3.1 D4 2.7 3.2 C4 1
1.8 3.9 E4 2.6 4.0 F4 3
1.8 3.9 E4 1.6 4.6 Q4 3
1.8 3.9 E4 3.2 1.8 F1 9
2.6 4.0 F4 2.7 3.2 C4 3
2.6 4.0 F4 3.1 4.1 G4 2
3.1 4.1 G4 3.8 4.2 I4 2
3.1 4.1 G4 3.9 3.1 H4 3
3.9 3.1 H4 3.1 4.1 G4 3
3.8 4.2 I4 3.6 5.0 O4 3
3.8 4.2 I4 4.5 4.3 J4 3
4.5 4.3 J4 4.9 4.4 K4 1
4.5 4.3 J4 5.2 2.8 L1 4
4.9 4.4 K4 5.9 4.7 Y3 3
4.8 5.1 L4 4.9 4.4 K4 3
4.8 5.1 L4 3.6 5.0 O4 4
4.5 5.9 M4 4.8 5.1 L4 3
4.5 5.9 M4 3.4 5.8 N4 3
4.5 5.9 M4 5.6 6.0 N5 3
3.4 5.8 N4 4.5 5.9 M4 3
3.4 5.8 N4 2.9 5.5 T4 2
3.4 5.8 N4 2.8 6.7 Y4 4
3.6 5.0 O4 2.4 4.7 P4 3
3.6 5.0 O4 3.4 5.8 N4 3
2.4 4.7 P4 2.6 4.0 F4 2
2.4 4.7 P4 1.6 4.6 Q4 3
1.6 4.6 Q4 1.5 5.2 R4 4
1.6 4.6 Q4 1.8 3.9 E4 4
1.5 5.2 R4 1.1 7.2 A5 6
1.5 5.2 R4 2.2 5.3 S4 3
2.2 5.3 S4 1.5 5.2 R4 3
2.2 5.3 S4 2.1 6.2 V4 3
2.2 5.3 S4 2.9 5.5 T4 2
2.2 5.3 S4 2.4 4.7 P4 3
2.9 5.5 T4 2.2 5.3 S4 2
2.9 5.5 T4 2.8 6.2 U4 1
2.9 5.5 T4 3.4 5.8 N4 2
2.8 6.2 U4 2.9 5.5 T4 1
2.1 6.2 V4 2.2 5.3 S4 2
2.1 6.2 V4 2.5 6.2 W4 1
2.1 6.2 V4 2.4 6.8 X4 2
2.5 6.2 W4 2.1 6.2 V4 1
2.4 6.8 X4 2.1 6.2 V4 2
2.4 6.8 X4 2.8 6.7 Y4 2
2.4 6.8 X4 3.2 7.8 Z4 4
2.8 6.7 Y4 2.4 6.8 X4 2
2.8 6.7 Y4 3.4 5.8 N4 3
2.8 6.7 Y4 3.2 7.8 Z4 4
3.2 7.8 Z4 2.4 6.8 X4 4
3.2 7.8 Z4 2.8 6.7 Y4 4
3.2 7.8 Z4 5.3 6.9 M5 6
1.1 7.2 A5 0.8 14.2 A14 10
2.1 7.4 B5 1.1 7.2 A5 3
2.1 7.4 B5 2.6 7.9 E5 2
2.0 8.0 C5 2.1 7.4 B5 1
2.0 8.0 C5 1.8 8.6 D5 3
1.8 8.6 D5 2.0 8.0 C5 3
2.6 7.9 E5 2.1 7.4 B5 2
2.6 7.9 E5 2.4 8.1 F5 1
2.6 7.9 E5 3.9 8.5 G5 4
2.4 8.1 F5 2.0 8.0 C5 2
2.4 8.1 F5 2.6 7.9 E5 1
2.4 8.1 F5 2.8 11.2 U13 7 
3.9 8.5 G5 2.6 7.9 E5 4
3.9 8.5 G5 6.9 8.8 N12 6
5.1 7.8 H5 4.6 7.5 I5 1 
5.1 7.8 H5 6.2 7.8 J5 3
4.6 7.5 I5 5.1 7.8 H5 1
6.2 7.8 J5 5.1 7.8 H5 4
6.2 7.8 J5 6.6 8.0 U5 1
6.2 7.8 J5 6.7 8.0 K5 3
6.7 8.0 K5 6.2 7.8 J5 3
6.3 7.0 K5 7.1 7.2 S5 2
6.3 7.0 K5 5.3 6.9 M5 3
6.3 7.0 K5 6.6 6.2 O5 3
5.3 6.9 M5 5.6 6.0 N5 3
5.3 6.9 M5 6.3 7.0 K5 3
5.3 6.9 M5 3.2 7.8 Z4 7
5.6 6.0 N5 4.5 5.9 M4 3
5.6 6.0 N5 5.3 6.9 M5 3
5.6 6.0 N5 6.6 6.2 O5 3
6.6 6.2 O5 5.6 6.0 N5 3
6.6 6.2 O5 6.3 7.0 K5 3
6.6 6.2 O5 7.7 6.3 P5 3
6.6 6.2 O5 6.8 5.5 W3 3
7.7 6.3 P5 7.5 7.0 Q5 2
7.7 6.3 P5 6.6 6.2 O5 4
7.7 6.3 P5 7.9 5.8 T3 3
7.5 7.0 Q5 7.7 5.5 P5 2
7.5 7.0 Q5 8.2 7.2 R5 2
7.5 7.0 Q5 7.4 8.0 T5 4
8.2 7.2 R5 7.5 7.0 Q5 2
7.1 7.2 S5 6.7 8.0 K5 2
7.4 8.0 T5 7.2 8.8 V5 3
7.4 8.0 T5 7.5 7.0 Q5 3
7.4 8.0 T5 8.1 8.9 W5 4
6.6 8.0 U5 6.2 7.8 J5 1
7.2 8.8 V5 7.2 9.6 M12 3
7.2 8.8 V5 6.9 8.8 N12 2
7.2 8.8 V5 8.1 8.9 W5 2
7.2 8.8 V5 7.4 8.0 T5 3
8.1 8.9 W5 7.4 8.0 T5 4
8.1 8.9 W5 8.9 9.1 X5 3
8.1 8.9 W5 7.2 8.8 V5 2
8.1 8.9 W5 8.0 9.7 K12 3
8.9 9.1 X5 8.1 8.9 W5 3
8.9 9.1 X5 9.7 9.2 A6 2
9.0 8.2 Y5 8.9 9.1 X5 2
9.8 8.4 Z5 9.0 8.2 Y5 2
9.7 9.2 A6 8.9 9.1 X5 2
9.7 9.2 A6 9.8 8.4 Z5 3
9.7 9.2 A6 10.5 9.4 B6 3
10.5 9.4 B6 9.7 9.2 A6 3
10.5 9.4 B6 10.2 10.1 H6 2
10.5 9.4 B6 11.1 9.6 F6 3
11.4 8.0 C6 9.8 8.4 Z5 4
11.4 8.0 C6 11.2 8.8 E6 3
11.4 8.0 C6 11.6 7.3 J3 3
12.2 8.1 D6 11.4 8.0 C6 3
12.2 8.1 D6 11.2 8.8 E6 4
11.2 8.8 E6 11.4 8.0 C6 3
11.2 8.8 E6 11.1 9.6 F6 3
11.1 9.6 F6 11.2 8.8 E6 3
11.1 9.6 F6 11.0 10.2 G6 3
11.1 9.6 F6 10.5 9.4 B6 3
11.0 10.2 G6 11.1 9.6 F6 3
11.0 10.2 G6 10.2 10.1 H6 3
11.0 10.2 G6 10.9 11.0 I6 3
10.2 10.1 H6 11.0 10.2 G6 3
10.2 10.1 H6 10.5 9.4 B6 3
10.2 10.1 H6 10.0 10.9 J6 3
10.9 11.0 I6 11.0 10.2 G6 3
10.9 11.0 I6 10.0 10.9 J6 3
10.9 11.0 I6 10.7 11.8 L6 4
10.0 10.9 J6 10.2 10.1 H6 3
10.0 10.9 J6 10.9 11.0 I6 3
10.0 10.9 J6 10.0 11.7 K6 4
10.0 11.7 K6 10.0 10.9 J6 3
10.0 11.7 K6 10.7 11.8 L6 3
10.0 11.7 K6 9.7 13.0 K11 4
10.0 11.7 K6 9.0 12.8 N11 5
10.7 11.8 L6 10.0 11.7 K6 3
10.7 11.8 L6 10.9 11.0 I6 3
10.7 11.8 L6 11.2 11.9 M6 2
10.7 11.8 L6 10.3 13.0 E11 4
11.2 11.9 M6 10.7 11.8 L6 2
11.2 11.9 M6 12.1 10.8 N6 5
11.2 11.9 M6 11.3 12.3 F11 1
12.1 10.8 N6 11.2 11.9 M6 4
12.1 10.8 N6 12.6 10.7 O6 1
12.6 10.7 O6 12.1 10.8 N6 1 
12.6 10.7 O6 13.3 10.6 P6 2
13.3 10.6 P6 12.6 10.7 O6 2 
13.3 10.6 P6 14.0 10.8 Q6 1
14.0 10.8 Q6 13.3 10.6 P6 1
14.0 10.8 Q6 13.9 10.3 R6 1
14.0 10.8 Q6 14.5 10.6 U6 1
14.0 10.8 Q6 12.9 11.8 Z10 3
13.9 10.3 R6 14.0 10.8 Q6 1
13.9 10.3 R6 13.7 9.8 S6 1
13.9 10.3 R6 14.2 10.2 T6 1
13.7 9.8 S6 13.9 10.3 R6 1
14.2 10.2 T6 13.9 10.3 R6 1
14.5 10.6 U6 14.0 10.8 Q6 1
14.5 10.6 U6 14.6 11.0 V6 1
14.5 10.6 U6 15.0 10.4 W6 1
14.6 11.0 V6 14.5 10.6 U6 1
15.0 10.4 W6 14.5 10.6 U6 1
15.0 10.4 W6 15.0 10.9 X6 1
15.0 10.4 W6 15.5 10.2 Y6 2
15.0 10.9 X6 15.0 10.4 W6 1
15.5 10.2 Y6 15.0 10.4 W6 2
15.5 10.2 Y6 15.4 9.9 Z6 2
15.5 10.2 Y6 16.8 10.0 B7 3
15.5 10.2 Y6 16.6 14.1 S10 8
15.4 9.9 Z6 15.5 10.2 Y6 2
15.4 9.9 Z6 16.6 9.2 A7 2
15.4 9.9 Z6 13.9 7.8 G3 7
16.6 9.2 A7 15.4 9.9 Z6 2
16.8 10.0 B7 15.5 10.2 Y6 3
16.8 10.0 B7 17.0 10.6 C7 2
16.8 10.0 B7 18.2 9.4 E7 3
17.0 10.6 C7 16.8 10.0 B7 2
17.0 10.6 C7 18.8 11.6 D7 3
17.0 10.6 C7 17.1 13.5 U10 4
18.8 11.6 D7 17.0 10.6 C7 3
18.2 9.4 E7 16.8 10.0 B7 3
18.2 9.4 E7 18.3 9.9 F7 1
18.2 9.4 E7 18.7 9.1 H7 1
18.2 9.4 E7 17.8 6.9 G2 6
18.3 9.9 F7 18.2 9.4 E7 1
18.7 9.1 H7 18.2 9.4 E7 1
18.7 9.1 H7 17.8 6.9 G2 6
18.7 9.1 H7 21.0 13.0 I7 9
21.0 13.0 I7 18.7 9.1 H7 8
21.0 13.0 I7 25.8 13.0 J7 9
21.0 13.0 I7 17.2 14.0 T10 6
25.8 13.0 J7 21.0 13.0 I7 8
25.8 13.0 J7 25.2 13.4 K7 1
25.8 13.0 J7 24.9 14.6 R7 5
25.2 13.4 K7 25.8 13.0 J7 1
25.2 13.4 K7 24.7 13.1 M7 1
25.2 13.4 K7 25.0 13.6 L7 1
25.0 13.6 L7 25.2 13.4 K7 1
25.0 13.6 L7 24.7 13.1 M7 1
25.0 13.6 L7 24.3 13.7 O7 1
24.7 13.1 M7 25.0 13.6 L7 1
24.7 13.1 M7 23.9 13.0 N7 2
24.7 13.1 M7 25.2 13.4 K7 1
23.9 13.0 N7 24.7 13.1 M7 2
23.9 13.0 N7 23.8 13.6 P7 2
23.9 13.0 N7 24.3 13.7 O7 1
24.3 13.7 O7 23.8 13.6 P7 1
24.3 13.7 O7 23.9 13.0 N7 1
24.3 13.7 O7 25.0 13.6 L7 1 
23.8 13.6 P7 24.3 13.7 O7 1
23.8 13.6 P7 23.9 13.0 N7 2
23.8 13.6 P7 22.8 13.3 Q7 2
22.8 13.3 Q7 23.8 13.6 P7 2
24.9 14.6 R7 25.8 13.0 J7 4
24.9 14.6 R7 24.3 14.6 V7 2
24.9 14.6 R7 25.0 15.2 S7 3
25.0 15.2 S7 24.9 14.6 R7 2
25.0 15.2 S7 25.0 15.9 T7 2
25.0 15.9 T7 25.0 15.2 S7 2
25.0 15.9 T7 18.4 16.7 Q9 7
24.6 16.0 U7 25.0 15.9 T7 2
24.6 16.0 U7 25.0 15.2 S7 2
24.6 16.0 U7 24.3 14.6 V7 3
24.3 14.6 V7 24.6 16.0 U7 3
24.3 14.6 V7 24.9 14.6 R7 2
24.3 14.6 V7 23.9 14.8 D8 1
24.1 16.0 W7 24.6 16.0 U7 1
24.1 16.0 W7 23.9 14.8 D8 3
23.8 16.0 X7 24.1 16.0 W7 1
23.8 16.0 X7 23.4 15.0 H8 2
23.5 16.0 Y7 23.4 15.0 H8 2
23.5 16.0 Y7 23.8 16.0 X7 1
23.1 16.0 Z7 23.5 16.0 Y7 1
23.1 16.0 Z7 23.0 15.0 I8 2
22.8 16.1 A8 23.1 16.0 Z7 1
22.8 16.1 A8 22.7 15.9 P8 1
22.3 16.2 B8 22.8 16.1 A8 1
22.3 16.2 B8 22.4 15.9 O8 1
22.0 16.2 C8 22.3 16.2 B8 1
22.0 16.2 C8 22.0 15.9 N8 1
23.9 14.8 D8 24.1 16.0 W7 3
23.9 14.8 D8 24.3 14.6 V7 1
23.9 14.8 D8 23.4 15.0 H8 1
23.9 14.8 D8 23.7 14.1 E8 2
23.7 14.1 E8 23.9 14.8 D8 2
23.7 14.1 E8 23.3 14.1 F8 1
23.3 14.1 F8 23.7 14.1 E8 1
23.3 14.1 F8 22.7 13.8 G8 2
23.3 14.1 F8 23.4 15.0 H8 2
23.3 14.1 F8 23.0 15.0 I8 2
22.7 13.8 G8 23.3 14.1 F8 2 
22.7 13.8 G8 22.7 15.0 J8 3
22.7 13.8 G8 22.0 15.1 M8 4
23.4 15.0 H8 23.8 16.0 X7 2
23.4 15.0 H8 23.5 16.0 Y7 2
23.4 15.0 H8 23.9 14.8 D8 1
23.4 15.0 H8 23.0 15.0 I8 1
23.4 15.0 H8 23.3 14.1 F8 2
23.0 15.0 I8 23.4 15.0 H8 1
23.0 15.0 I8 23.1 16.0 Z7 2
23.0 15.0 I8 22.7 15.0 J8 1
23.0 15.0 I8 23.3 14.1 F8 2
22.7 15.0 J8 23.0 15.0 I8 1
22.7 15.0 J8 22.7 15.9 P8 2
22.7 15.0 J8 22.3 15.1 K8 1
22.7 15.0 J8 22.7 13.8 G8 3
22.3 15.1 K8 22.7 15.0 J8 1
22.3 15.1 K8 22.2 14.2 L8 2
22.3 15.1 K8 22.0 15.1 M8 1
22.3 15.1 K8 22.4 15.9 O8 2
22.2 14.2 L8 22.3 15.1 K8 2
22.0 15.1 M8 22.3 15.1 K8 1
22.0 15.1 M8 22.7 13.8 G8 4 
22.0 15.1 M8 21.2 15.3 U8 3
22.0 15.1 M8 22.0 15.9 N8 2
22.0 15.9 N8 22.0 16.2 C8 1
22.0 15.9 N8 22.4 15.9 O8 1
22.0 15.9 N8 22.0 15.1 M8 2
22.4 15.9 O8 22.0 15.9 N8 1
22.4 15.9 O8 22.3 15.1 K8 2
22.4 15.9 O8 22.7 15.9 P8 1
22.4 15.9 O8 22.3 16.2 B8 1
22.7 15.9 P8 22.4 15.9 O8 1
22.7 15.9 P8 22.7 15.0 J8 2
22.7 15.9 P8 22.8 16.1 A8 1
21.3 16.3 Q8 19.3 16.7 L9 7
21.3 16.3 Q8 22.0 16.2 C8 2
21.3 16.3 Q8 21.2 15.3 U8 3
21.1 16.3 R8 21.3 16.3 Q8 1
21.1 16.3 R8 20.8 15.3 V8 3
20.8 16.4 S8 21.1 16.3 R8 1
20.8 16.4 S8 20.8 15.3 V8 3
20.3 16.5 T8 20.8 16.4 S8 1
20.3 16.5 T8 20.2 15.3 F9 3
21.2 15.3 U8 22.0 15.1 M8 3
21.2 15.3 U8 21.3 16.3 Q8 3
21.2 15.3 U8 20.8 15.3 V8 1
20.8 15.3 V8 21.2 15.3 U8 1
20.8 15.3 V8 21.1 16.3 R8 3
20.8 15.3 V8 20.8 16.4 S8 3
20.8 15.3 V8 20.9 14.8 W8 1
20.8 15.3 V8 20.2 15.3 F9 1
20.9 14.8 W8 20.8 15.3 V8 1
20.9 14.8 W8 21.2 14.1 X8 2
20.9 14.8 W8 20.5 14.5 Z8 1
21.2 14.1 X8 20.9 14.8 W8 2
21.2 14.1 X8 21.0 13.2 Y8 3
21.0 13.2 Y8 21.2 14.1 X8 3
20.5 14.5 Z8 20.9 14.8 W8 1
20.5 14.5 Z8 20.5 14.1 A9 1
20.5 14.5 Z8 20.2 14.5 B9 1
20.5 14.1 A9 20.5 14.5 Z8 1
20.2 14.5 B9 20.5 14.5 Z8 1
20.2 14.5 B9 20.2 14.1 C9 1
20.2 14.5 B9 19.8 14.5 E9 1
20.2 14.5 B9 20.2 15.3 F9 3
20.2 14.1 C9 20.2 14.5 B9 1
20.2 14.1 C9 19.8 14.1 D9 1
19.8 14.1 D9 20.2 14.1 C9 1
19.8 14.5 E9 20.2 14.5 B9 1
19.8 14.5 E9 19.9 15.4 G9 3 
20.2 15.3 F9 20.8 15.3 V8 1
20.2 15.3 F9 20.2 14.5 B9 3
20.2 15.3 F9 20.3 16.5 T8 3
20.2 15.3 F9 19.9 15.4 G9 1
19.9 15.4 G9 20.2 15.3 F9 1
19.9 15.4 G9 19.8 14.5 E9 3
19.9 15.4 G9 19.5 16.5 H9 1
19.9 15.4 G9 20.0 16.6 J9 3
19.5 16.5 H9 19.9 15.4 G9 1
19.5 16.5 H9 19.5 14.3 I9 2
19.5 16.5 H9 19.5 16.7 K9 3
19.5 14.3 I9 19.5 16.5 H9 2
20.0 16.6 J9 20.3 16.5 T8 1
20.0 16.6 J9 19.9 15.4 G9 3
19.5 16.7 K9 20.0 16.6 J9 1
19.5 16.7 K9 19.5 16.5 H9 3
19.3 16.7 L9 19.5 16.7 K9 1
19.3 16.7 L9 16.6 14.1 S10 8
19.3 16.7 L9 18.0 16.8 S9 5
19.0 16.7 M9 19.3 16.7 L9 1
19.0 16.7 M9 18.9 15.8 N9 2
18.9 15.8 N9 19.0 16.7 M9 2
18.8 16.7 O9 19.0 16.7 M9 1
18.8 16.7 O9 18.6 15.9 P9 2
18.6 15.9 P9 18.8 16.7 O9 2
18.4 16.7 Q9 18.6 15.9 P9 1
18.4 16.7 Q9 18.2 15.9 R9 2
18.2 15.9 R9 18.4 16.7 Q9 2
18.0 16.8 S9 18.4 16.7 Q9 2
18.0 16.8 S9 17.9 15.9 T9 2
18.0 16.8 S9 17.0 17.0 Y9 4
17.9 15.9 T9 18.0 16.8 S9 2
17.8 17.0 U9 18.0 16.8 S9 1
17.8 17.0 U9 17.4 16.0 V9 2
17.4 16.0 V9 17.8 17.0 U9 2
17.3 17.0 W9 17.8 17.0 U9 1
17.3 17.0 W9 17.1 16.0 X9 2
17.1 16.0 X9 17.3 17.0 W9 2
17.0 17.0 Y9 17.3 17.0 W9 1 
17.0 17.0 Y9 16.8 16.0 Z9 2
17.0 17.0 Y9 13.4 17.7 G10 7
16.8 16.0 Z9 17.0 17.0 Y9 2
16.4 17.1 A10 17.0 17.0 Y9 1
16.4 17.1 A10 16.1 16.0 B10 3
16.1 16.0 B10 16.4 17.1 A10 3
16.1 16.0 B10 16.0 15.5 C10 1
16.1 16.0 B10 16.5 16.2 D10 1
16.0 15.5 C10 16.1 16.0 B10 1
16.5 16.2 D10 16.1 16.0 B10 1
15.4 17.2 E10 16.4 17.1 A10 2
15.4 17.2 E10 15.2 16.1 F10 3
15.2 16.1 F10 15.4 17.2 E10 3 
13.4 17.7 G10 15.4 17.2 E10 4
13.4 17.7 G10 13.2 17.1 H10 2
13.4 17.7 G10 7.5 18.3 G15 10 
13.2 17.1 H10 13.4 17.7 G10 2
13.2 17.1 H10 13.6 16.1 I10 2
13.2 17.1 H10 12.9 14.9 L10 6
13.6 16.1 I10 13.2 17.1 H10 2
13.6 16.1 I10 13.6 15.5 J10 1
13.6 15.5 J10 13.6 16.1 I10 1
13.6 15.5 J10 12.8 15.8 K10 1
12.8 15.8 K10 13.6 15.5 J10 1
12.9 14.9 L10 13.2 17.1 H10 8
12.9 14.9 L10 14.8 14.9 M10 3
12.9 14.9 L10 12.6 14.5 N10 1
14.8 14.9 M10 12.9 14.9 L10 3
12.6 14.5 N10 12.9 14.9 L10 1
12.6 14.5 N10 12.5 13.5 O10 3
12.6 14.5 N10 9.2 14.9 P11 5
12.5 13.5 O10 12.6 14.5 N10 3
12.5 13.5 O10 13.2 13.6 P10 3
12.5 13.5 O10 11.9 13.3 B11 1
13.2 13.6 P10 12.5 13.5 O10 2
13.2 13.6 P10 13.0 12.1 W10 4
13.2 13.6 P10 14.7 13.8 Q10 4
14.7 13.8 Q10 13.2 13.6 P10 3
14.7 13.8 Q10 16.6 14.1 S10 4
14.7 13.8 Q10 14.8 14.3 R10 1
14.8 14.3 R10 14.7 13.8 Q10 1
16.6 14.1 S10 14.7 13.8 Q10 3
16.6 14.1 S10 15.5 10.2 Y6 8
16.6 14.1 S10 17.2 14.0 T10 2
16.6 14.1 S10 19.3 16.7 L9 10
17.2 14.0 T10 16.6 14.1 S10 2
17.2 14.0 T10 17.1 13.5 U10 1
17.2 14.0 T10 21.0 13.0 I7 6
17.1 13.5 U10 17.2 14.0 T10 1
17.1 13.5 U10 17.0 10.6 C7 4
17.1 13.5 U10 18.4 12.8 V10 2
18.4 12.8 V10 17.1 13.5 U10 2
13.0 12.1 W10 12.4 12.2 X10 1
13.0 12.1 W10 12.9 11.8 Z10 2
12.4 12.2 X10 12.6 12.6 Y10 1
12.6 12.6 Y10 12.4 12.2 X10 1
12.9 11.8 Z10 12.2 11.8 A11 2
12.9 11.8 Z10 12.6 10.7 O6 3
12.2 11.8 A11 12.1 10.8 N6 2
11.9 13.3 B11 12.5 13.5 O10 2
11.9 13.3 B11 11.8 14.0 C11 1
11.9 13.3 B11 11.1 13.1 D11 2
11.8 14.0 C11 11.9 13.3 B11 1
11.1 13.1 D11 11.9 13.3 B11 3
11.1 13.1 D11 10.3 13.0 E11 2
11.1 13.1 D11 10.1 14.2 L11 6
10.3 13.0 E11 11.1 13.1 D11 2
10.3 13.0 E11 10.1 14.2 L11 4
10.3 13.0 E11 9.7 13.0 K11 2
10.3 13.0 E11 10.7 11.8 L6 4
11.3 12.3 F11 11.0 12.6 J11 2
11.3 12.3 F11 11.5 12.8 G11 1
11.3 12.3 F11 11.2 11.9 M6 1
11.5 12.8 G11 11.3 12.3 F11 1
11.5 12.8 G11 11.8 12.8 H11 1
11.5 12.8 G11 12.1 13.0 I11 2
11.8 12.8 H11 11.5 12.8 G11 1
12.1 13.0 I11 11.5 12.8 G11 2
11.0 12.6 J11 11.3 12.3 F11 2
9.7 13.0 K11 10.3 13.0 E11 2
9.7 13.0 K11 10.0 11.7 K6 3
9.7 13.0 K11 9.0 12.8 N11 2
9.7 13.0 K11 9.4 14.1 M11 4
10.1 14.2 L11 10.3 13.0 E11 3
10.1 14.2 L11 11.1 13.1 D11 5
10.1 14.2 L11 9.4 14.1 M11 3
9.4 14.1 M11 9.2 14.9 P11 4
9.4 14.1 M11 10.1 14.2 L11 3
9.4 14.1 M11 9.7 13.0 K11 3
9.4 14.1 M11 8.8 14.0 O11 3
9.0 12.8 N11 9.7 13.0 K11 3
9.0 12.8 N11 8.1 13.0 T11 3
9.0 12.8 N11 8.8 14.0 O11 3
9.0 12.8 N11 10.0 11.7 K6 4
8.8 14.0 O11 8.5 14.8 Q11 4
8.8 14.0 O11 9.4 14.1 M11 3
8.8 14.0 O11 9.0 12.8 N11 3
8.8 14.0 O11 7.9 13.9 S11 3
9.2 14.9 P11 9.4 14.1 M11 3
8.5 14.8 Q11 8.8 14.0 O11 3
7.8 14.7 R11 7.9 13.9 S11 3
7.9 13.9 S11 7.8 14.7 R11 4
7.9 13.9 S11 8.1 13.0 T11 3
7.9 13.9 S11 8.8 14.0 O11 3
7.9 13.9 S11 7.5 13.8 W11 3
8.1 13.0 T11 7.9 13.9 S11 3
8.1 13.0 T11 9.0 12.8 N11 3
8.1 13.0 T11 7.5 13.0 U11 3
7.5 13.0 U11 8.1 13.0 T11 3
7.5 13.0 U11 7.5 13.8 W11 3
7.5 13.0 U11 6.8 12.1 C12 3
7.1 13.7 V11 6.4 14.3 Z11 3
7.1 13.7 V11 6.6 13.5 Y11 3
7.1 13.7 V11 6.8 12.1 C12 3
7.1 13.7 V11 7.5 13.8 W11 3
7.5 13.8 W11 7.9 13.9 S11 3
7.5 13.8 W11 7.0 14.5 U15 4
7.5 13.8 W11 7.5 13.0 U11 3
7.5 13.8 W11 7.1 13.7 V11 3
6.6 13.5 Y11 7.1 13.7 V11 3
6.6 13.5 Y11 5.8 14.2 B12 4
6.6 13.5 Y11 5.9 13.5 A12 3
6.6 13.5 Y11 6.8 12.1 C12 3
6.4 14.3 Z11 7.1 13.7 V11 3
5.9 13.5 A12 6.1 12.0 P12 3
5.9 13.5 A12 6.6 13.5 Y11 3
5.9 13.5 A12 5.1 13.2 Q12 3
5.9 13.5 A12 5.8 14.2 B12 4
5.8 14.2 B12 5.9 13.5 A12 3
6.8 12.1 C12 6.9 11.3 D12 3
6.8 12.1 C12 6.1 12.0 P12 3
6.8 12.1 C12 7.5 13.0 U11 3
6.8 12.1 C12 6.6 13.5 Y11 3
6.9 11.3 D12 7.0 10.3 F12 2
6.9 11.3 D12 7.5 11.1 E12 2
6.9 11.3 D12 6.8 12.1 C12 3
7.5 11.1 E12 6.9 11.3 D12 2
7.0 10.3 F12 6.9 11.3 D12 2
7.0 10.3 F12 7.9 10.4 G12 3
7.0 10.3 F12 6.4 10.5 O12 3
7.0 10.3 F12 7.2 9.6 M12 3
7.9 10.4 G12 8.1 11.0 H12 2
7.9 10.4 G12 7.0 10.3 F12 3
7.9 10.4 G12 8.0 9.7 K12 2
8.1 11.0 H12 7.9 10.4 G12 2
8.1 11.0 H12 7.8 11.4 I12 2
8.1 11.0 H12 8.9 10.6 J12 3
7.8 11.4 I12 8.1 11.0 H12 2
8.9 10.6 J12 8.1 11.0 H12 2
8.0 9.7 K12 8.1 8.9 W5 3 
8.0 9.7 K12 8.6 9.9 L12 2
8.0 9.7 K12 7.9 10.4 G12 2 
8.0 9.7 K12 7.2 9.6 M12 2
8.6 9.9 L12 8.0 9.7 K12 1
7.2 9.6 M12 7.2 8.8 V5 3
7.2 9.6 M12 7.0 10.3 F12 3
7.2 9.6 M12 8.0 9.7 K12 2
6.9 8.8 N12 7.2 8.8 V5 2
6.9 8.8 N12 6.4 10.5 O12 3
6.9 8.8 N12 3.9 8.5 G5 6
6.4 10.5 O12 5.8 10.3 U12 2
6.4 10.5 O12 6.9 8.8 N12 3
6.4 10.5 O12 7.0 10.3 F12 3
6.4 10.5 O12 6.1 12.0 P12 3
6.1 12.0 P12 6.8 12.1 C12 3
6.1 12.0 P12 6.4 10.5 O12 4
6.1 12.0 P12 5.5 11.9 S12 2
6.1 12.0 P12 5.9 13.5 A12 3
5.1 13.2 Q12 5.9 13.5 A12 3
5.1 13.2 Q12 5.5 11.9 S12 3
5.1 13.2 Q12 4.4 13.2 W12 3
5.1 13.2 Q12 5.1 14.0 R12 3
5.1 14.0 R12 5.1 13.2 Q12 2
5.5 11.9 S12 6.1 12.0 P12 2
5.5 11.9 S12 5.6 10.9 T12 2
5.5 11.9 S12 4.8 11.7 Y12 2
5.5 11.9 S12 5.1 13.2 Q12 3
5.6 10.9 T12 4.9 10.9 Z12 2
5.6 10.9 T12 5.8 10.3 U12 2
5.6 10.9 T12 5.5 11.9 S12 2
5.8 10.3 U12 5.0 10.1 A13 2
5.8 10.3 U12 6.1 8.9 V12 3
5.8 10.3 U12 5.6 10.9 T12 2
5.8 10.3 U12 6.4 10.5 O12 2
6.1 8.9 V12 5.8 10.3 U12 3
4.4 13.2 W12 5.1 13.2 Q12 3
4.4 13.2 W12 4.1 13.1 C13 1
4.4 13.2 W12 4.8 11.7 Y12 3
4.4 13.2 W12 4.3 13.8 X12 3
4.3 13.8 X12 4.4 13.2 W12 2
4.8 11.7 Y12 5.5 11.9 S12 2
4.8 11.7 Y12 4.9 10.9 Z12 2
4.8 11.7 Y12 4.0 11.6 G13 3
4.8 11.7 Y12 4.9 10.9 Z12 2
4.9 10.9 Z12 4.8 11.7 Y12 2
4.9 10.9 Z12 5.6 10.9 T12 2
4.9 10.9 Z12 5.0 10.1 A13 2
5.0 10.1 A13 4.9 10.9 Z12 2
5.0 10.1 A13 4.2 10.1 I13 2
5.0 10.1 A13 5.4 8.7 B13 3
5.0 10.1 A13 5.8 10.3 U12 2
5.4 8.7 B13 5.0 10.1 A13 3
4.1 13.1 C13 3.9 13.0 E13 1
4.1 13.1 C13 4.4 13.2 W12 1
4.1 13.1 C13 4.1 12.6 D13 1
4.1 12.6 D13 4.1 13.1 C13 1
3.9 13.0 E13 4.0 11.6 G13 3
3.9 13.0 E13 3.1 13.0 K13 2
3.9 13.0 E13 4.1 13.1 C13 1
3.9 13.0 E13 3.8 13.6 F13 3
3.8 13.6 F13 3.9 13.0 E13 2
4.0 11.6 G13 3.9 13.0 E13 3
4.0 11.6 G13 3.4 11.3 M13 2
4.0 11.6 G13 4.8 11.7 Y12 3
4.0 11.6 G13 4.2 10.1 I13 3
4.2 10.1 I13 5.0 10.1 A13 2
4.2 10.1 I13 3.8 10.0 N13 2
4.2 10.1 I13 4.0 11.6 G13 3
4.2 10.1 I13 4.5 9.0 J13 2
4.5 9.0 J13 4.2 10.1 I13 2
3.1 13.0 K13 3.9 13.0 E13 2
3.1 13.0 K13 2.2 12.8 S13 3
3.1 13.0 K13 3.0 13.6 P13 3
3.1 13.0 K13 3.2 12.3 L13 2
3.2 12.3 L13 3.4 11.3 M13 3
3.2 12.3 L13 2.5 12.1 T13 3
3.2 12.3 L13 3.1 13.0 K13 2
3.4 11.3 M13 2.8 11.2 U13 2
3.4 11.3 M13 4.0 11.6 G13 2
3.4 11.3 M13 3.2 12.3 L13 2
3.4 11.3 M13 3.8 10.0 N13 3
3.8 10.0 N13 3.4 11.3 M13 3
3.8 10.0 N13 4.2 10.1 I13 2
3.8 10.0 N13 3.9 9.2 O13 1
3.8 10.0 N13 4.2 10.1 I13 2
3.9 9.2 O13 3.8 10.0 N13 1
3.0 13.6 P13 2.6 13.1 R13 1
3.0 13.6 P13 2.9 14.1 Q13 1
3.0 13.6 P13 3.1 13.0 K13 3
2.9 14.1 Q13 3.0 13.6 P13 1
2.6 13.1 R13 3.0 13.6 P13 1
2.2 12.8 S13 3.1 13.0 K13 3
2.2 12.8 S13 2.0 14.1 V13 3
2.2 12.8 S13 2.5 12.1 T13 2
2.5 12.1 T13 2.2 12.8 S13 2
2.5 12.1 T13 2.8 11.2 U13 3 
2.5 12.1 T13 3.2 12.3 L13 3
2.8 11.2 U13 2.5 12.1 T13 3
2.8 11.2 U13 3.4 11.3 M13 3
2.8 11.2 U13 2.4 8.1 F5 6 
2.0 14.1 V13 2.2 12.8 S13 4
2.0 14.1 V13 2.4 14.2 W13 1
2.4 14.2 W13 2.0 14.1 V13 1
1.5 13.3 Y13 1.1 14.1 Z13 3
1.1 14.1 Z13 1.9 14.8 U14 3
1.1 14.1 Z13 1.5 13.3 Y13 3
1.1 14.1 Z13 0.7 14.9 B14 3
0.8 14.2 A14 1.1 14.1 Z13 3
0.8 14.2 A14 0.7 14.9 B14 3
0.7 14.9 B14 0.7 15.3 C14 3
0.7 15.3 C14 0.7 16.1 D14 3
0.7 15.3 C14 1.1 15.7 R14 2
0.7 16.1 D14 0.6 16.9 E14 2
0.6 16.9 E14 0.6 17.9 F14 2
0.6 17.9 F14 0.6 19.5 G14 3
0.6 19.5 G14 1.6 4.6 Q4 30
0.6 19.5 G14 1.8 19.3 H14 3
1.8 19.3 H14 2.3 19.2 I14 1
1.8 19.3 H14 2.1 18.7 L14 2
2.3 19.2 I14 2.9 19.1 J14 2
2.3 19.2 I14 2.1 18.7 L14 2
2.9 19.1 J14 2.8 18.6 K14 2
2.9 19.1 J14 5.1 18.8 D15 4
2.9 19.1 J14 0.6 19.5 G14 8
2.8 18.6 K14 2.9 19.1 J14 2
2.8 18.6 K14 2.8 17.9 N14 1
2.8 18.6 K14 4.9 18.2 C15 3
2.8 18.6 K14 2.1 18.7 L14 2
2.1 18.7 L14 2.8 18.6 K14 2
2.1 18.7 L14 2.3 19.2 I14 2
2.1 18.7 L14 1.8 19.3 H14 2
2.1 18.7 L14 2.2 18.3 M14 1
2.2 18.3 M14 2.1 18.7 L14 1
2.8 17.9 N14 2.8 18.6 K14 1
2.8 17.9 N14 3.3 17.9 O14 1
2.8 17.9 N14 3.0 16.5 P14 3
3.3 17.9 O14 2.8 17.9 N14 1
3.3 17.9 O14 4.6 17.7 B15 2
3.3 17.9 O14 3.5 16.7 Y14 2
3.0 16.5 P14 2.8 17.9 N14 3
3.0 16.5 P14 3.1 15.6 W14 2
3.0 16.5 P14 3.5 16.7 Y14 1
1.8 15.6 Q14 0.7 16.1 D14 2
1.8 15.6 Q14 1.3 15.2 S14 1
1.8 15.6 Q14 2.2 15.0 T14 1
1.1 15.7 R14 0.7 16.1 D14 1
1.3 15.2 S14 1.1 15.7 R14 1
1.3 15.2 S14 1.8 15.6 Q14 1
2.2 15.0 T14 1.8 15.6 Q14 1
2.2 15.0 T14 3.1 15.6 W14 2
2.2 15.0 T14 1.9 14.8 U14 1
1.9 14.8 U14 2.2 15.0 T14 2
1.9 14.8 U14 1.3 15.2 S14 1
1.9 14.8 U14 1.1 14.1 Z13 3
3.1 15.6 W14 3.0 16.5 P14 2
3.1 15.6 W14 2.2 15.0 T14 2
3.1 15.6 W14 4.0 16.2 X14 2
4.0 16.2 X14 3.5 16.7 Y14 1
4.0 16.2 X14 4.8 16.9 Z14 2
4.0 16.2 X14 3.1 15.6 W14 2
3.5 16.7 Y14 3.3 17.9 O14 2
3.5 16.7 Y14 3.0 16.5 P14 1
3.5 16.7 Y14 4.0 16.2 X14 1
3.5 16.7 Y14 4.2 17.2 A15 2
4.8 16.9 Z14 4.0 16.2 X14 2
4.8 16.9 Z14 5.6 17.6 F15 2
4.8 16.9 Z14 4.2 17.2 A15 1
4.2 17.2 A15 4.8 16.9 Z14 1
4.2 17.2 A15 3.5 16.7 Y14 2
4.2 17.2 A15 4.6 17.7 B15 1
4.6 17.7 B15 4.2 17.2 A15 1
4.6 17.7 B15 3.3 17.9 O14 2
4.6 17.7 B15 4.9 18.2 C15 2
4.9 18.2 C15 4.6 17.7 B15 2
4.9 18.2 C15 2.8 18.6 K14 3
4.9 18.2 C15 5.1 18.8 D15 2
5.1 18.8 D15 4.9 18.2 C15 2
5.1 18.8 D15 2.9 19.1 J14 4
5.1 18.8 D15 5.7 18.8 E15 2
5.7 18.8 E15 5.6 17.6 F15 3
5.7 18.8 E15 5.1 18.8 D15 2
5.7 18.8 E15 7.5 18.3 G15 3
5.6 17.6 F15 5.7 18.8 E15 3
5.6 17.6 F15 4.8 16.9 Z14 2
5.6 17.6 F15 7.5 18.3 G15 4
7.5 18.3 G15 9.0 18.1 H15 3
7.5 18.3 G15 5.7 18.8 E15 3
7.5 18.3 G15 5.6 17.6 F15 4
9.0 18.1 H15 9.8 18.0 M15 1
9.0 18.1 H15 9.0 17.8 I15 1
9.0 17.8 I15 8.8 16.8 J15 2
9.0 17.8 I15 9.0 18.1 H15 1
9.0 17.8 I15 9.8 18.0 M15 2
8.8 16.8 J15 7.6 16.6 K15 2
8.8 16.8 J15 10.0 16.6 L15 2
8.8 16.8 J15 9.0 17.8 I15 2
7.6 16.6 K15 8.8 16.8 J15 2
10.0 16.6 L15 8.8 16.8 J15 2
9.8 18.0 M15 10.7 17.9 O15 2
9.8 18.0 M15 9.8 17.1 N15 2
9.8 17.1 N15 9.8 18.0 M15 2
10.7 17.9 O15 11.8 17.8 Q15 2
10.7 17.9 O15 10.5 17.0 P15 2
10.5 17.0 P15 10.7 17.9 O15 2
11.8 17.8 Q15 12.8 17.7 S15 2
11.8 17.8 Q15 11.7 17.0 R15 2
11.7 17.0 R15 11.8 17.8 Q15 2
12.8 17.7 S15 13.4 17.7 G10 1
12.8 17.7 S15 12.6 16.9 T15 2
12.6 16.9 T15 12.8 17.7 S15 2
7.0 14.5 U15 7.5 13.8 W11 3